n = [1:1000000];